<!DOCTYPE html>
<html lang="en">
<head>
    <meta charset="UTF-8">
    <meta name="viewport" content="width=device-width, initial-scale=1.0">
    <title>Gráfico 3D com Plotly</title>
    <script src="https://cdn.plot.ly/plotly-latest.min.js"></script>
</head>
<body>
    <h1>Grafico 3D Interativo com Plotly</h1>
    <div id="graph"></div>

    <script>
        var graphJSON = {"data": [{"x": [-5.0, -4.898989898989899, -4.797979797979798, -4.696969696969697, -4.595959595959596, -4.494949494949495, -4.393939393939394, -4.292929292929293, -4.191919191919192, -4.090909090909091, -3.9898989898989896, -3.888888888888889, -3.787878787878788, -3.686868686868687, -3.5858585858585856, -3.484848484848485, -3.383838383838384, -3.282828282828283, -3.1818181818181817, -3.080808080808081, -2.9797979797979797, -2.878787878787879, -2.7777777777777777, -2.676767676767677, -2.5757575757575757, -2.474747474747475, -2.3737373737373737, -2.272727272727273, -2.1717171717171717, -2.070707070707071, -1.9696969696969697, -1.868686868686869, -1.7676767676767677, -1.6666666666666665, -1.5656565656565657, -1.4646464646464645, -1.3636363636363638, -1.2626262626262625, -1.1616161616161618, -1.0606060606060606, -0.9595959595959593, -0.858585858585859, -0.7575757575757578, -0.6565656565656566, -0.5555555555555554, -0.45454545454545503, -0.3535353535353538, -0.2525252525252526, -0.15151515151515138, -0.050505050505050164, 0.050505050505050164, 0.15151515151515138, 0.2525252525252526, 0.3535353535353538, 0.45454545454545414, 0.5555555555555554, 0.6565656565656566, 0.7575757575757578, 0.8585858585858581, 0.9595959595959593, 1.0606060606060606, 1.1616161616161618, 1.262626262626262, 1.3636363636363633, 1.4646464646464645, 1.5656565656565657, 1.666666666666667, 1.7676767676767673, 1.8686868686868685, 1.9696969696969697, 2.070707070707071, 2.1717171717171713, 2.2727272727272725, 2.3737373737373737, 2.474747474747475, 2.5757575757575752, 2.6767676767676765, 2.7777777777777777, 2.878787878787879, 2.9797979797979792, 3.0808080808080813, 3.1818181818181817, 3.282828282828282, 3.383838383838384, 3.4848484848484844, 3.5858585858585865, 3.686868686868687, 3.787878787878787, 3.8888888888888893, 3.9898989898989896, 4.09090909090909, 4.191919191919192, 4.292929292929292, 4.3939393939393945, 4.494949494949495, 4.595959595959595, 4.696969696969697, 4.797979797979798, 4.8989898989899, 5.0], "y": [-5.0, -4.898989898989899, -4.797979797979798, -4.696969696969697, -4.595959595959596, -4.494949494949495, -4.393939393939394, -4.292929292929293, -4.191919191919192, -4.090909090909091, -3.9898989898989896, -3.888888888888889, -3.787878787878788, -3.686868686868687, -3.5858585858585856, -3.484848484848485, -3.383838383838384, -3.282828282828283, -3.1818181818181817, -3.080808080808081, -2.9797979797979797, -2.878787878787879, -2.7777777777777777, -2.676767676767677, -2.5757575757575757, -2.474747474747475, -2.3737373737373737, -2.272727272727273, -2.1717171717171717, -2.070707070707071, -1.9696969696969697, -1.868686868686869, -1.7676767676767677, -1.6666666666666665, -1.5656565656565657, -1.4646464646464645, -1.3636363636363638, -1.2626262626262625, -1.1616161616161618, -1.0606060606060606, -0.9595959595959593, -0.858585858585859, -0.7575757575757578, -0.6565656565656566, -0.5555555555555554, -0.45454545454545503, -0.3535353535353538, -0.2525252525252526, -0.15151515151515138, -0.050505050505050164, 0.050505050505050164, 0.15151515151515138, 0.2525252525252526, 0.3535353535353538, 0.45454545454545414, 0.5555555555555554, 0.6565656565656566, 0.7575757575757578, 0.8585858585858581, 0.9595959595959593, 1.0606060606060606, 1.1616161616161618, 1.262626262626262, 1.3636363636363633, 1.4646464646464645, 1.5656565656565657, 1.666666666666667, 1.7676767676767673, 1.8686868686868685, 1.9696969696969697, 2.070707070707071, 2.1717171717171713, 2.2727272727272725, 2.3737373737373737, 2.474747474747475, 2.5757575757575752, 2.6767676767676765, 2.7777777777777777, 2.878787878787879, 2.9797979797979792, 3.0808080808080813, 3.1818181818181817, 3.282828282828282, 3.383838383838384, 3.4848484848484844, 3.5858585858585865, 3.686868686868687, 3.787878787878787, 3.8888888888888893, 3.9898989898989896, 4.09090909090909, 4.191919191919192, 4.292929292929292, 4.3939393939393945, 4.494949494949495, 4.595959595959595, 4.696969696969697, 4.797979797979798, 4.8989898989899, 5.0], "z": [[-10.0, -9.8989898989899, -9.797979797979798, -9.696969696969697, -9.595959595959595, -9.494949494949495, -9.393939393939394, -9.292929292929294, -9.191919191919192, -9.09090909090909, -8.98989898989899, -8.88888888888889, -8.787878787878789, -8.686868686868687, -8.585858585858585, -8.484848484848484, -8.383838383838384, -8.282828282828284, -8.181818181818182, -8.080808080808081, -7.979797979797979, -7.878787878787879, -7.777777777777778, -7.6767676767676765, -7.575757575757576, -7.474747474747475, -7.373737373737374, -7.272727272727273, -7.171717171717171, -7.070707070707071, -6.96969696969697, -6.8686868686868685, -6.767676767676768, -6.666666666666666, -6.565656565656566, -6.4646464646464645, -6.363636363636363, -6.262626262626263, -6.161616161616162, -6.0606060606060606, -5.959595959595959, -5.858585858585859, -5.757575757575758, -5.656565656565657, -5.555555555555555, -5.454545454545455, -5.353535353535354, -5.252525252525253, -5.151515151515151, -5.05050505050505, -4.94949494949495, -4.848484848484849, -4.747474747474747, -4.646464646464646, -4.545454545454546, -4.444444444444445, -4.343434343434343, -4.242424242424242, -4.141414141414142, -4.040404040404041, -3.9393939393939394, -3.8383838383838382, -3.737373737373738, -3.6363636363636367, -3.5353535353535355, -3.4343434343434343, -3.333333333333333, -3.2323232323232327, -3.1313131313131315, -3.0303030303030303, -2.929292929292929, -2.8282828282828287, -2.7272727272727275, -2.6262626262626263, -2.525252525252525, -2.4242424242424248, -2.3232323232323235, -2.2222222222222223, -2.121212121212121, -2.0202020202020208, -1.9191919191919187, -1.8181818181818183, -1.717171717171718, -1.616161616161616, -1.5151515151515156, -1.4141414141414135, -1.3131313131313131, -1.2121212121212128, -1.1111111111111107, -1.0101010101010104, -0.9090909090909101, -0.808080808080808, -0.7070707070707076, -0.6060606060606055, -0.5050505050505052, -0.40404040404040487, -0.30303030303030276, -0.20202020202020243, -0.10101010101010033, 0.0], [-9.8989898989899, -9.797979797979798, -9.696969696969695, -9.595959595959595, -9.494949494949495, -9.393939393939394, -9.292929292929292, -9.191919191919192, -9.09090909090909, -8.98989898989899, -8.88888888888889, -8.787878787878787, -8.686868686868687, -8.585858585858585, -8.484848484848484, -8.383838383838384, -8.282828282828284, -8.181818181818182, -8.08080808080808, -7.979797979797979, -7.878787878787879, -7.777777777777778, -7.6767676767676765, -7.575757575757576, -7.474747474747474, -7.373737373737374, -7.2727272727272725, -7.171717171717171, -7.070707070707071, -6.96969696969697, -6.8686868686868685, -6.767676767676768, -6.666666666666666, -6.565656565656566, -6.4646464646464645, -6.363636363636363, -6.262626262626263, -6.161616161616161, -6.0606060606060606, -5.959595959595959, -5.858585858585858, -5.757575757575758, -5.656565656565657, -5.555555555555555, -5.454545454545454, -5.353535353535354, -5.252525252525253, -5.151515151515151, -5.05050505050505, -4.949494949494949, -4.848484848484849, -4.747474747474747, -4.646464646464646, -4.545454545454545, -4.444444444444445, -4.343434343434343, -4.242424242424242, -4.141414141414141, -4.040404040404041, -3.9393939393939394, -3.8383838383838382, -3.737373737373737, -3.6363636363636367, -3.5353535353535355, -3.4343434343434343, -3.333333333333333, -3.232323232323232, -3.1313131313131315, -3.0303030303030303, -2.929292929292929, -2.828282828282828, -2.7272727272727275, -2.6262626262626263, -2.525252525252525, -2.424242424242424, -2.3232323232323235, -2.2222222222222223, -2.121212121212121, -2.02020202020202, -1.9191919191919196, -1.8181818181818175, -1.7171717171717171, -1.6161616161616168, -1.5151515151515147, -1.4141414141414144, -1.3131313131313123, -1.212121212121212, -1.1111111111111116, -1.0101010101010095, -0.9090909090909092, -0.8080808080808088, -0.7070707070707067, -0.6060606060606064, -0.5050505050505043, -0.404040404040404, -0.30303030303030365, -0.20202020202020154, -0.10101010101010122, 8.881784197001252e-16, 0.10101010101010122], [-9.797979797979798, -9.696969696969695, -9.595959595959595, -9.494949494949495, -9.393939393939394, -9.292929292929292, -9.19191919191919, -9.09090909090909, -8.98989898989899, -8.88888888888889, -8.787878787878787, -8.686868686868687, -8.585858585858585, -8.484848484848484, -8.383838383838384, -8.282828282828282, -8.181818181818182, -8.08080808080808, -7.979797979797979, -7.878787878787879, -7.777777777777777, -7.6767676767676765, -7.575757575757575, -7.474747474747474, -7.373737373737374, -7.2727272727272725, -7.171717171717171, -7.070707070707071, -6.969696969696969, -6.8686868686868685, -6.767676767676767, -6.666666666666666, -6.565656565656566, -6.464646464646464, -6.363636363636363, -6.262626262626262, -6.161616161616161, -6.0606060606060606, -5.959595959595959, -5.858585858585858, -5.757575757575757, -5.656565656565657, -5.555555555555555, -5.454545454545454, -5.353535353535353, -5.252525252525253, -5.151515151515151, -5.05050505050505, -4.949494949494949, -4.848484848484848, -4.747474747474747, -4.646464646464646, -4.545454545454545, -4.444444444444444, -4.343434343434343, -4.242424242424242, -4.141414141414141, -4.04040404040404, -3.9393939393939394, -3.8383838383838382, -3.737373737373737, -3.636363636363636, -3.5353535353535355, -3.4343434343434343, -3.333333333333333, -3.232323232323232, -3.1313131313131306, -3.0303030303030303, -2.929292929292929, -2.828282828282828, -2.7272727272727266, -2.6262626262626263, -2.525252525252525, -2.424242424242424, -2.3232323232323226, -2.2222222222222223, -2.121212121212121, -2.02020202020202, -1.9191919191919187, -1.8181818181818183, -1.7171717171717162, -1.616161616161616, -1.5151515151515156, -1.4141414141414135, -1.3131313131313131, -1.212121212121211, -1.1111111111111107, -1.0101010101010104, -0.9090909090909083, -0.808080808080808, -0.7070707070707076, -0.6060606060606055, -0.5050505050505052, -0.4040404040404031, -0.30303030303030276, -0.20202020202020243, -0.10101010101010033, 0.0, 0.1010101010101021, 0.20202020202020243], [-9.696969696969697, -9.595959595959595, -9.494949494949495, -9.393939393939394, -9.292929292929294, -9.191919191919192, -9.09090909090909, -8.98989898989899, -8.88888888888889, -8.787878787878789, -8.686868686868687, -8.585858585858587, -8.484848484848484, -8.383838383838384, -8.282828282828284, -8.181818181818182, -8.080808080808081, -7.97979797979798, -7.878787878787879, -7.777777777777779, -7.6767676767676765, -7.575757575757576, -7.474747474747475, -7.373737373737374, -7.272727272727273, -7.171717171717172, -7.070707070707071, -6.969696969696971, -6.8686868686868685, -6.767676767676768, -6.666666666666667, -6.565656565656566, -6.464646464646465, -6.363636363636363, -6.262626262626263, -6.161616161616162, -6.0606060606060606, -5.95959595959596, -5.858585858585859, -5.757575757575758, -5.656565656565657, -5.555555555555556, -5.454545454545455, -5.353535353535354, -5.252525252525253, -5.151515151515152, -5.050505050505051, -4.94949494949495, -4.848484848484849, -4.747474747474747, -4.646464646464647, -4.545454545454546, -4.444444444444445, -4.343434343434343, -4.242424242424243, -4.141414141414142, -4.040404040404041, -3.9393939393939394, -3.838383838383839, -3.737373737373738, -3.6363636363636367, -3.5353535353535355, -3.434343434343435, -3.333333333333334, -3.2323232323232327, -3.1313131313131315, -3.0303030303030303, -2.92929292929293, -2.8282828282828287, -2.7272727272727275, -2.6262626262626263, -2.525252525252526, -2.4242424242424248, -2.3232323232323235, -2.2222222222222223, -2.121212121212122, -2.0202020202020208, -1.9191919191919196, -1.8181818181818183, -1.717171717171718, -1.616161616161616, -1.5151515151515156, -1.4141414141414153, -1.3131313131313131, -1.2121212121212128, -1.1111111111111107, -1.0101010101010104, -0.9090909090909101, -0.808080808080808, -0.7070707070707076, -0.6060606060606073, -0.5050505050505052, -0.40404040404040487, -0.30303030303030276, -0.20202020202020243, -0.1010101010101021, 0.0, 0.10101010101010033, 0.20202020202020243, 0.30303030303030276], [-9.595959595959595, -9.494949494949495, -9.393939393939394, -9.292929292929294, -9.191919191919192, -9.09090909090909, -8.98989898989899, -8.88888888888889, -8.787878787878789, -8.686868686868687, -8.585858585858585, -8.484848484848484, -8.383838383838384, -8.282828282828284, -8.181818181818182, -8.080808080808081, -7.97979797979798, -7.878787878787879, -7.777777777777778, -7.6767676767676765, -7.575757575757576, -7.474747474747475, -7.373737373737374, -7.272727272727273, -7.171717171717171, -7.070707070707071, -6.96969696969697, -6.8686868686868685, -6.767676767676768, -6.666666666666667, -6.565656565656566, -6.464646464646465, -6.363636363636363, -6.262626262626263, -6.161616161616162, -6.0606060606060606, -5.95959595959596, -5.858585858585858, -5.757575757575758, -5.656565656565657, -5.555555555555555, -5.454545454545455, -5.353535353535354, -5.252525252525253, -5.151515151515151, -5.050505050505051, -4.94949494949495, -4.848484848484849, -4.747474747474747, -4.646464646464646, -4.545454545454546, -4.444444444444445, -4.343434343434343, -4.242424242424242, -4.141414141414142, -4.040404040404041, -3.9393939393939394, -3.8383838383838382, -3.737373737373738, -3.6363636363636367, -3.5353535353535355, -3.4343434343434343, -3.333333333333334, -3.2323232323232327, -3.1313131313131315, -3.0303030303030303, -2.929292929292929, -2.8282828282828287, -2.7272727272727275, -2.6262626262626263, -2.525252525252525, -2.4242424242424248, -2.3232323232323235, -2.2222222222222223, -2.121212121212121, -2.0202020202020208, -1.9191919191919196, -1.8181818181818183, -1.7171717171717171, -1.6161616161616168, -1.5151515151515147, -1.4141414141414144, -1.313131313131314, -1.212121212121212, -1.1111111111111116, -1.0101010101010095, -0.9090909090909092, -0.8080808080808088, -0.7070707070707067, -0.6060606060606064, -0.5050505050505061, -0.404040404040404, -0.30303030303030365, -0.20202020202020154, -0.10101010101010122, -8.881784197001252e-16, 0.10101010101010122, 0.20202020202020154, 0.30303030303030365, 0.404040404040404], [-9.494949494949495, -9.393939393939394, -9.292929292929292, -9.191919191919192, -9.09090909090909, -8.98989898989899, -8.88888888888889, -8.787878787878789, -8.686868686868687, -8.585858585858585, -8.484848484848484, -8.383838383838384, -8.282828282828284, -8.181818181818182, -8.08080808080808, -7.979797979797979, -7.878787878787879, -7.777777777777778, -7.6767676767676765, -7.575757575757576, -7.474747474747474, -7.373737373737374, -7.2727272727272725, -7.171717171717171, -7.070707070707071, -6.96969696969697, -6.8686868686868685, -6.767676767676768, -6.666666666666666, -6.565656565656566, -6.4646464646464645, -6.363636363636363, -6.262626262626263, -6.161616161616161, -6.0606060606060606, -5.959595959595959, -5.858585858585858, -5.757575757575758, -5.656565656565657, -5.555555555555555, -5.454545454545454, -5.353535353535354, -5.252525252525253, -5.151515151515151, -5.05050505050505, -4.94949494949495, -4.848484848484849, -4.747474747474747, -4.646464646464646, -4.545454545454545, -4.444444444444445, -4.343434343434343, -4.242424242424242, -4.141414141414141, -4.040404040404041, -3.9393939393939394, -3.8383838383838382, -3.737373737373737, -3.6363636363636367, -3.5353535353535355, -3.4343434343434343, -3.333333333333333, -3.2323232323232327, -3.1313131313131315, -3.0303030303030303, -2.929292929292929, -2.828282828282828, -2.7272727272727275, -2.6262626262626263, -2.525252525252525, -2.424242424242424, -2.3232323232323235, -2.2222222222222223, -2.121212121212121, -2.02020202020202, -1.9191919191919196, -1.8181818181818183, -1.7171717171717171, -1.616161616161616, -1.5151515151515156, -1.4141414141414135, -1.3131313131313131, -1.2121212121212128, -1.1111111111111107, -1.0101010101010104, -0.9090909090909083, -0.808080808080808, -0.7070707070707076, -0.6060606060606055, -0.5050505050505052, -0.40404040404040487, -0.30303030303030276, -0.20202020202020243, -0.10101010101010033, 0.0, 0.10101010101010033, 0.20202020202020243, 0.30303030303030276, 0.40404040404040487, 0.5050505050505052], [-9.393939393939394, -9.292929292929292, -9.19191919191919, -9.09090909090909, -8.98989898989899, -8.88888888888889, -8.787878787878787, -8.686868686868687, -8.585858585858585, -8.484848484848484, -8.383838383838384, -8.282828282828282, -8.181818181818182, -8.08080808080808, -7.979797979797979, -7.878787878787879, -7.777777777777778, -7.6767676767676765, -7.575757575757575, -7.474747474747474, -7.373737373737374, -7.2727272727272725, -7.171717171717171, -7.070707070707071, -6.969696969696969, -6.8686868686868685, -6.767676767676767, -6.666666666666666, -6.565656565656566, -6.4646464646464645, -6.363636363636363, -6.262626262626263, -6.161616161616161, -6.0606060606060606, -5.959595959595959, -5.858585858585858, -5.757575757575758, -5.656565656565656, -5.555555555555555, -5.454545454545454, -5.353535353535353, -5.252525252525253, -5.151515151515151, -5.05050505050505, -4.949494949494949, -4.848484848484849, -4.747474747474747, -4.646464646464646, -4.545454545454545, -4.444444444444444, -4.343434343434343, -4.242424242424242, -4.141414141414141, -4.04040404040404, -3.9393939393939394, -3.8383838383838382, -3.737373737373737, -3.636363636363636, -3.5353535353535355, -3.4343434343434343, -3.333333333333333, -3.232323232323232, -3.1313131313131315, -3.0303030303030303, -2.929292929292929, -2.828282828282828, -2.7272727272727266, -2.6262626262626263, -2.525252525252525, -2.424242424242424, -2.3232323232323226, -2.2222222222222223, -2.121212121212121, -2.02020202020202, -1.9191919191919187, -1.8181818181818183, -1.7171717171717171, -1.616161616161616, -1.5151515151515147, -1.4141414141414144, -1.3131313131313123, -1.212121212121212, -1.1111111111111116, -1.0101010101010095, -0.9090909090909092, -0.8080808080808071, -0.7070707070707067, -0.6060606060606064, -0.5050505050505043, -0.404040404040404, -0.30303030303030365, -0.20202020202020154, -0.10101010101010122, 8.881784197001252e-16, 0.10101010101010122, 0.20202020202020154, 0.30303030303030365, 0.404040404040404, 0.5050505050505061, 0.6060606060606064], [-9.292929292929294, -9.191919191919192, -9.09090909090909, -8.98989898989899, -8.88888888888889, -8.787878787878789, -8.686868686868687, -8.585858585858587, -8.484848484848484, -8.383838383838384, -8.282828282828284, -8.181818181818182, -8.080808080808081, -7.97979797979798, -7.878787878787879, -7.777777777777779, -7.676767676767677, -7.575757575757576, -7.474747474747475, -7.373737373737374, -7.272727272727273, -7.171717171717172, -7.070707070707071, -6.969696969696971, -6.8686868686868685, -6.767676767676768, -6.666666666666667, -6.565656565656566, -6.464646464646465, -6.363636363636364, -6.262626262626263, -6.161616161616163, -6.0606060606060606, -5.95959595959596, -5.858585858585859, -5.757575757575758, -5.6565656565656575, -5.555555555555555, -5.454545454545455, -5.353535353535354, -5.252525252525253, -5.151515151515152, -5.050505050505051, -4.94949494949495, -4.848484848484849, -4.747474747474748, -4.646464646464647, -4.545454545454546, -4.444444444444445, -4.343434343434343, -4.242424242424243, -4.141414141414142, -4.040404040404041, -3.9393939393939394, -3.838383838383839, -3.737373737373738, -3.6363636363636367, -3.5353535353535355, -3.434343434343435, -3.333333333333334, -3.2323232323232327, -3.1313131313131315, -3.030303030303031, -2.92929292929293, -2.8282828282828287, -2.7272727272727275, -2.6262626262626263, -2.525252525252526, -2.4242424242424248, -2.3232323232323235, -2.2222222222222223, -2.121212121212122, -2.0202020202020208, -1.9191919191919196, -1.8181818181818183, -1.717171717171718, -1.6161616161616168, -1.5151515151515156, -1.4141414141414144, -1.313131313131314, -1.212121212121212, -1.1111111111111116, -1.0101010101010113, -0.9090909090909092, -0.8080808080808088, -0.7070707070707067, -0.6060606060606064, -0.5050505050505061, -0.404040404040404, -0.30303030303030365, -0.20202020202020332, -0.10101010101010122, -8.881784197001252e-16, 0.10101010101010122, 0.20202020202020154, 0.3030303030303019, 0.404040404040404, 0.5050505050505043, 0.6060606060606064, 0.7070707070707067], [-9.191919191919192, -9.09090909090909, -8.98989898989899, -8.88888888888889, -8.787878787878789, -8.686868686868687, -8.585858585858585, -8.484848484848484, -8.383838383838384, -8.282828282828284, -8.181818181818182, -8.080808080808081, -7.97979797979798, -7.878787878787879, -7.777777777777778, -7.6767676767676765, -7.575757575757576, -7.474747474747475, -7.373737373737374, -7.272727272727273, -7.171717171717171, -7.070707070707071, -6.96969696969697, -6.8686868686868685, -6.767676767676768, -6.666666666666667, -6.565656565656566, -6.464646464646465, -6.363636363636363, -6.262626262626263, -6.161616161616162, -6.0606060606060606, -5.95959595959596, -5.858585858585858, -5.757575757575758, -5.656565656565657, -5.555555555555555, -5.454545454545455, -5.353535353535354, -5.252525252525253, -5.151515151515151, -5.050505050505051, -4.94949494949495, -4.848484848484849, -4.747474747474747, -4.646464646464647, -4.545454545454546, -4.444444444444445, -4.343434343434343, -4.242424242424242, -4.141414141414142, -4.040404040404041, -3.9393939393939394, -3.8383838383838382, -3.737373737373738, -3.6363636363636367, -3.5353535353535355, -3.4343434343434343, -3.333333333333334, -3.2323232323232327, -3.1313131313131315, -3.0303030303030303, -2.92929292929293, -2.8282828282828287, -2.7272727272727275, -2.6262626262626263, -2.525252525252525, -2.4242424242424248, -2.3232323232323235, -2.2222222222222223, -2.121212121212121, -2.0202020202020208, -1.9191919191919196, -1.8181818181818183, -1.7171717171717171, -1.6161616161616168, -1.5151515151515156, -1.4141414141414144, -1.3131313131313131, -1.2121212121212128, -1.1111111111111107, -1.0101010101010104, -0.9090909090909101, -0.808080808080808, -0.7070707070707076, -0.6060606060606055, -0.5050505050505052, -0.40404040404040487, -0.30303030303030276, -0.20202020202020243, -0.1010101010101021, 0.0, 0.10101010101010033, 0.20202020202020243, 0.30303030303030276, 0.4040404040404031, 0.5050505050505052, 0.6060606060606055, 0.7070707070707076, 0.808080808080808], [-9.09090909090909, -8.98989898989899, -8.88888888888889, -8.787878787878789, -8.686868686868687, -8.585858585858585, -8.484848484848484, -8.383838383838384, -8.282828282828284, -8.181818181818182, -8.08080808080808, -7.979797979797979, -7.878787878787879, -7.777777777777778, -7.6767676767676765, -7.575757575757576, -7.474747474747475, -7.373737373737374, -7.2727272727272725, -7.171717171717171, -7.070707070707071, -6.96969696969697, -6.8686868686868685, -6.767676767676768, -6.666666666666666, -6.565656565656566, -6.4646464646464645, -6.363636363636363, -6.262626262626263, -6.161616161616162, -6.0606060606060606, -5.95959595959596, -5.858585858585858, -5.757575757575758, -5.656565656565657, -5.555555555555555, -5.454545454545455, -5.353535353535353, -5.252525252525253, -5.151515151515151, -5.05050505050505, -4.94949494949495, -4.848484848484849, -4.747474747474747, -4.646464646464646, -4.545454545454546, -4.444444444444445, -4.343434343434343, -4.242424242424242, -4.141414141414141, -4.040404040404041, -3.9393939393939394, -3.8383838383838382, -3.737373737373737, -3.6363636363636367, -3.5353535353535355, -3.4343434343434343, -3.333333333333333, -3.2323232323232327, -3.1313131313131315, -3.0303030303030303, -2.929292929292929, -2.8282828282828287, -2.7272727272727275, -2.6262626262626263, -2.525252525252525, -2.424242424242424, -2.3232323232323235, -2.2222222222222223, -2.121212121212121, -2.02020202020202, -1.9191919191919196, -1.8181818181818183, -1.7171717171717171, -1.616161616161616, -1.5151515151515156, -1.4141414141414144, -1.3131313131313131, -1.212121212121212, -1.1111111111111116, -1.0101010101010095, -0.9090909090909092, -0.8080808080808088, -0.7070707070707067, -0.6060606060606064, -0.5050505050505043, -0.404040404040404, -0.30303030303030365, -0.20202020202020154, -0.10101010101010122, -8.881784197001252e-16, 0.10101010101010122, 0.20202020202020154, 0.30303030303030365, 0.404040404040404, 0.5050505050505043, 0.6060606060606064, 0.7070707070707067, 0.8080808080808088, 0.9090909090909092], [-8.98989898989899, -8.88888888888889, -8.787878787878787, -8.686868686868687, -8.585858585858585, -8.484848484848484, -8.383838383838384, -8.282828282828284, -8.181818181818182, -8.08080808080808, -7.979797979797979, -7.878787878787879, -7.777777777777778, -7.6767676767676765, -7.575757575757575, -7.474747474747474, -7.373737373737374, -7.2727272727272725, -7.171717171717171, -7.070707070707071, -6.969696969696969, -6.8686868686868685, -6.767676767676767, -6.666666666666666, -6.565656565656566, -6.4646464646464645, -6.363636363636363, -6.262626262626263, -6.161616161616161, -6.0606060606060606, -5.959595959595959, -5.858585858585858, -5.757575757575758, -5.656565656565656, -5.555555555555555, -5.454545454545454, -5.353535353535353, -5.252525252525253, -5.151515151515151, -5.05050505050505, -4.949494949494949, -4.848484848484849, -4.747474747474747, -4.646464646464646, -4.545454545454545, -4.444444444444445, -4.343434343434343, -4.242424242424242, -4.141414141414141, -4.04040404040404, -3.9393939393939394, -3.8383838383838382, -3.737373737373737, -3.636363636363636, -3.5353535353535355, -3.4343434343434343, -3.333333333333333, -3.232323232323232, -3.1313131313131315, -3.0303030303030303, -2.929292929292929, -2.828282828282828, -2.7272727272727275, -2.6262626262626263, -2.525252525252525, -2.424242424242424, -2.3232323232323226, -2.2222222222222223, -2.121212121212121, -2.02020202020202, -1.9191919191919187, -1.8181818181818183, -1.7171717171717171, -1.616161616161616, -1.5151515151515147, -1.4141414141414144, -1.3131313131313131, -1.212121212121212, -1.1111111111111107, -1.0101010101010104, -0.9090909090909083, -0.808080808080808, -0.7070707070707076, -0.6060606060606055, -0.5050505050505052, -0.4040404040404031, -0.30303030303030276, -0.20202020202020243, -0.10101010101010033, 0.0, 0.10101010101010033, 0.20202020202020243, 0.30303030303030276, 0.40404040404040487, 0.5050505050505052, 0.6060606060606055, 0.7070707070707076, 0.808080808080808, 0.9090909090909101, 1.0101010101010104], [-8.88888888888889, -8.787878787878787, -8.686868686868687, -8.585858585858587, -8.484848484848484, -8.383838383838384, -8.282828282828282, -8.181818181818182, -8.080808080808081, -7.979797979797979, -7.878787878787879, -7.777777777777778, -7.6767676767676765, -7.575757575757576, -7.474747474747474, -7.373737373737374, -7.272727272727273, -7.171717171717171, -7.070707070707071, -6.96969696969697, -6.8686868686868685, -6.767676767676768, -6.666666666666666, -6.565656565656566, -6.4646464646464645, -6.363636363636363, -6.262626262626263, -6.161616161616162, -6.0606060606060606, -5.95959595959596, -5.858585858585858, -5.757575757575758, -5.656565656565657, -5.555555555555555, -5.454545454545455, -5.353535353535353, -5.252525252525253, -5.151515151515151, -5.05050505050505, -4.94949494949495, -4.848484848484848, -4.747474747474747, -4.646464646464647, -4.545454545454545, -4.444444444444445, -4.343434343434344, -4.242424242424242, -4.141414141414142, -4.04040404040404, -3.939393939393939, -3.8383838383838387, -3.7373737373737375, -3.6363636363636362, -3.535353535353535, -3.4343434343434347, -3.3333333333333335, -3.2323232323232323, -3.131313131313131, -3.0303030303030307, -2.9292929292929295, -2.8282828282828283, -2.727272727272727, -2.6262626262626267, -2.5252525252525255, -2.4242424242424243, -2.323232323232323, -2.222222222222222, -2.1212121212121215, -2.0202020202020203, -1.9191919191919191, -1.818181818181818, -1.7171717171717176, -1.6161616161616164, -1.5151515151515151, -1.414141414141414, -1.3131313131313136, -1.2121212121212124, -1.1111111111111112, -1.01010101010101, -0.9090909090909096, -0.8080808080808075, -0.7070707070707072, -0.6060606060606069, -0.5050505050505047, -0.4040404040404044, -0.3030303030303023, -0.202020202020202, -0.10101010101010166, 4.440892098500626e-16, 0.10101010101010077, 0.2020202020202011, 0.3030303030303032, 0.40404040404040353, 0.5050505050505056, 0.606060606060606, 0.7070707070707063, 0.8080808080808084, 0.9090909090909087, 1.0101010101010108, 1.1111111111111112], [-8.787878787878789, -8.686868686868687, -8.585858585858585, -8.484848484848484, -8.383838383838384, -8.282828282828284, -8.181818181818182, -8.080808080808081, -7.97979797979798, -7.878787878787879, -7.777777777777778, -7.6767676767676765, -7.575757575757576, -7.474747474747475, -7.373737373737374, -7.272727272727273, -7.171717171717172, -7.070707070707071, -6.96969696969697, -6.8686868686868685, -6.767676767676768, -6.666666666666667, -6.565656565656566, -6.464646464646465, -6.363636363636363, -6.262626262626263, -6.161616161616162, -6.0606060606060606, -5.95959595959596, -5.858585858585859, -5.757575757575758, -5.6565656565656575, -5.555555555555555, -5.454545454545455, -5.353535353535354, -5.252525252525253, -5.151515151515152, -5.05050505050505, -4.94949494949495, -4.848484848484849, -4.747474747474747, -4.646464646464647, -4.545454545454546, -4.444444444444445, -4.343434343434343, -4.242424242424243, -4.141414141414142, -4.040404040404041, -3.9393939393939394, -3.8383838383838382, -3.737373737373738, -3.6363636363636367, -3.5353535353535355, -3.4343434343434343, -3.333333333333334, -3.2323232323232327, -3.1313131313131315, -3.0303030303030303, -2.92929292929293, -2.8282828282828287, -2.7272727272727275, -2.6262626262626263, -2.525252525252526, -2.4242424242424248, -2.3232323232323235, -2.2222222222222223, -2.121212121212121, -2.0202020202020208, -1.9191919191919196, -1.8181818181818183, -1.7171717171717171, -1.6161616161616168, -1.5151515151515156, -1.4141414141414144, -1.3131313131313131, -1.2121212121212128, -1.1111111111111116, -1.0101010101010104, -0.9090909090909092, -0.8080808080808088, -0.7070707070707067, -0.6060606060606064, -0.5050505050505061, -0.404040404040404, -0.30303030303030365, -0.20202020202020154, -0.10101010101010122, -8.881784197001252e-16, 0.10101010101010122, 0.20202020202020154, 0.3030303030303019, 0.404040404040404, 0.5050505050505043, 0.6060606060606064, 0.7070707070707067, 0.8080808080808071, 0.9090909090909092, 1.0101010101010095, 1.1111111111111116, 1.212121212121212], [-8.686868686868687, -8.585858585858585, -8.484848484848484, -8.383838383838384, -8.282828282828284, -8.181818181818182, -8.08080808080808, -7.97979797979798, -7.878787878787879, -7.777777777777778, -7.6767676767676765, -7.575757575757576, -7.474747474747475, -7.373737373737374, -7.2727272727272725, -7.171717171717171, -7.070707070707071, -6.96969696969697, -6.8686868686868685, -6.767676767676768, -6.666666666666666, -6.565656565656566, -6.4646464646464645, -6.363636363636363, -6.262626262626263, -6.161616161616162, -6.0606060606060606, -5.95959595959596, -5.858585858585858, -5.757575757575758, -5.656565656565657, -5.555555555555555, -5.454545454545455, -5.353535353535353, -5.252525252525253, -5.151515151515151, -5.05050505050505, -4.94949494949495, -4.848484848484849, -4.747474747474747, -4.646464646464646, -4.545454545454546, -4.444444444444445, -4.343434343434343, -4.242424242424242, -4.141414141414142, -4.040404040404041, -3.9393939393939394, -3.8383838383838382, -3.737373737373737, -3.6363636363636367, -3.5353535353535355, -3.4343434343434343, -3.333333333333333, -3.2323232323232327, -3.1313131313131315, -3.0303030303030303, -2.929292929292929, -2.8282828282828287, -2.7272727272727275, -2.6262626262626263, -2.525252525252525, -2.4242424242424248, -2.3232323232323235, -2.2222222222222223, -2.121212121212121, -2.02020202020202, -1.9191919191919196, -1.8181818181818183, -1.7171717171717171, -1.616161616161616, -1.5151515151515156, -1.4141414141414144, -1.3131313131313131, -1.212121212121212, -1.1111111111111116, -1.0101010101010104, -0.9090909090909092, -0.808080808080808, -0.7070707070707076, -0.6060606060606055, -0.5050505050505052, -0.40404040404040487, -0.30303030303030276, -0.20202020202020243, -0.10101010101010033, 0.0, 0.10101010101010033, 0.20202020202020243, 0.30303030303030276, 0.4040404040404031, 0.5050505050505052, 0.6060606060606055, 0.7070707070707076, 0.808080808080808, 0.9090909090909083, 1.0101010101010104, 1.1111111111111107, 1.2121212121212128, 1.3131313131313131], [-8.585858585858585, -8.484848484848484, -8.383838383838384, -8.282828282828284, -8.181818181818182, -8.08080808080808, -7.979797979797979, -7.878787878787879, -7.777777777777778, -7.6767676767676765, -7.575757575757575, -7.474747474747474, -7.373737373737374, -7.2727272727272725, -7.171717171717171, -7.070707070707071, -6.96969696969697, -6.8686868686868685, -6.767676767676767, -6.666666666666666, -6.565656565656566, -6.4646464646464645, -6.363636363636363, -6.262626262626263, -6.161616161616161, -6.0606060606060606, -5.959595959595959, -5.858585858585858, -5.757575757575758, -5.656565656565657, -5.555555555555555, -5.454545454545455, -5.353535353535353, -5.252525252525253, -5.151515151515151, -5.05050505050505, -4.94949494949495, -4.848484848484848, -4.747474747474747, -4.646464646464646, -4.545454545454545, -4.444444444444445, -4.343434343434343, -4.242424242424242, -4.141414141414141, -4.040404040404041, -3.9393939393939394, -3.8383838383838382, -3.737373737373737, -3.636363636363636, -3.5353535353535355, -3.4343434343434343, -3.333333333333333, -3.232323232323232, -3.1313131313131315, -3.0303030303030303, -2.929292929292929, -2.828282828282828, -2.7272727272727275, -2.6262626262626263, -2.525252525252525, -2.424242424242424, -2.3232323232323235, -2.2222222222222223, -2.121212121212121, -2.02020202020202, -1.9191919191919187, -1.8181818181818183, -1.7171717171717171, -1.616161616161616, -1.5151515151515147, -1.4141414141414144, -1.3131313131313131, -1.212121212121212, -1.1111111111111107, -1.0101010101010104, -0.9090909090909092, -0.808080808080808, -0.7070707070707067, -0.6060606060606064, -0.5050505050505043, -0.404040404040404, -0.30303030303030365, -0.20202020202020154, -0.10101010101010122, 8.881784197001252e-16, 0.10101010101010122, 0.20202020202020154, 0.30303030303030365, 0.404040404040404, 0.5050505050505043, 0.6060606060606064, 0.7070707070707067, 0.8080808080808088, 0.9090909090909092, 1.0101010101010095, 1.1111111111111116, 1.212121212121212, 1.313131313131314, 1.4141414141414144], [-8.484848484848484, -8.383838383838384, -8.282828282828282, -8.181818181818182, -8.080808080808081, -7.979797979797979, -7.878787878787879, -7.777777777777779, -7.6767676767676765, -7.575757575757576, -7.474747474747474, -7.373737373737374, -7.272727272727273, -7.171717171717171, -7.070707070707071, -6.96969696969697, -6.8686868686868685, -6.767676767676768, -6.666666666666666, -6.565656565656566, -6.4646464646464645, -6.363636363636363, -6.262626262626263, -6.161616161616162, -6.0606060606060606, -5.95959595959596, -5.858585858585858, -5.757575757575758, -5.656565656565657, -5.555555555555555, -5.454545454545455, -5.353535353535354, -5.252525252525253, -5.151515151515151, -5.05050505050505, -4.94949494949495, -4.848484848484849, -4.747474747474747, -4.646464646464647, -4.545454545454545, -4.444444444444445, -4.343434343434344, -4.242424242424242, -4.141414141414142, -4.04040404040404, -3.93939393939394, -3.8383838383838387, -3.7373737373737375, -3.6363636363636362, -3.535353535353535, -3.4343434343434347, -3.3333333333333335, -3.2323232323232323, -3.131313131313131, -3.0303030303030307, -2.9292929292929295, -2.8282828282828283, -2.727272727272727, -2.6262626262626267, -2.5252525252525255, -2.4242424242424243, -2.323232323232323, -2.2222222222222228, -2.1212121212121215, -2.0202020202020203, -1.9191919191919191, -1.818181818181818, -1.7171717171717176, -1.6161616161616164, -1.5151515151515151, -1.414141414141414, -1.3131313131313136, -1.2121212121212124, -1.1111111111111112, -1.01010101010101, -0.9090909090909096, -0.8080808080808084, -0.7070707070707072, -0.606060606060606, -0.5050505050505056, -0.40404040404040353, -0.3030303030303032, -0.20202020202020288, -0.10101010101010077, -4.440892098500626e-16, 0.10101010101010166, 0.202020202020202, 0.3030303030303023, 0.4040404040404044, 0.5050505050505047, 0.6060606060606051, 0.7070707070707072, 0.8080808080808075, 0.9090909090909096, 1.01010101010101, 1.1111111111111103, 1.2121212121212124, 1.3131313131313127, 1.4141414141414148, 1.5151515151515151], [-8.383838383838384, -8.282828282828284, -8.181818181818182, -8.080808080808081, -7.97979797979798, -7.878787878787879, -7.777777777777778, -7.676767676767677, -7.575757575757576, -7.474747474747475, -7.373737373737374, -7.272727272727273, -7.171717171717172, -7.070707070707071, -6.96969696969697, -6.8686868686868685, -6.767676767676768, -6.666666666666667, -6.565656565656566, -6.464646464646465, -6.363636363636363, -6.262626262626263, -6.161616161616162, -6.0606060606060606, -5.95959595959596, -5.858585858585859, -5.757575757575758, -5.6565656565656575, -5.555555555555555, -5.454545454545455, -5.353535353535354, -5.252525252525253, -5.151515151515152, -5.05050505050505, -4.94949494949495, -4.848484848484849, -4.747474747474747, -4.646464646464647, -4.545454545454546, -4.444444444444445, -4.343434343434343, -4.242424242424243, -4.141414141414142, -4.040404040404041, -3.9393939393939394, -3.838383838383839, -3.737373737373738, -3.6363636363636367, -3.5353535353535355, -3.4343434343434343, -3.333333333333334, -3.2323232323232327, -3.1313131313131315, -3.0303030303030303, -2.92929292929293, -2.8282828282828287, -2.7272727272727275, -2.6262626262626263, -2.525252525252526, -2.4242424242424248, -2.3232323232323235, -2.2222222222222223, -2.121212121212122, -2.0202020202020208, -1.9191919191919196, -1.8181818181818183, -1.7171717171717171, -1.6161616161616168, -1.5151515151515156, -1.4141414141414144, -1.3131313131313131, -1.2121212121212128, -1.1111111111111116, -1.0101010101010104, -0.9090909090909092, -0.8080808080808088, -0.7070707070707076, -0.6060606060606064, -0.5050505050505052, -0.40404040404040487, -0.30303030303030276, -0.20202020202020243, -0.1010101010101021, 0.0, 0.10101010101010033, 0.20202020202020243, 0.30303030303030276, 0.4040404040404031, 0.5050505050505052, 0.6060606060606055, 0.7070707070707059, 0.808080808080808, 0.9090909090909083, 1.0101010101010104, 1.1111111111111107, 1.212121212121211, 1.3131313131313131, 1.4141414141414135, 1.5151515151515156, 1.616161616161616], [-8.282828282828284, -8.181818181818182, -8.08080808080808, -7.97979797979798, -7.878787878787879, -7.777777777777778, -7.6767676767676765, -7.575757575757576, -7.474747474747475, -7.373737373737374, -7.2727272727272725, -7.171717171717171, -7.070707070707071, -6.96969696969697, -6.8686868686868685, -6.767676767676768, -6.666666666666667, -6.565656565656566, -6.4646464646464645, -6.363636363636363, -6.262626262626263, -6.161616161616162, -6.0606060606060606, -5.95959595959596, -5.858585858585858, -5.757575757575758, -5.656565656565657, -5.555555555555555, -5.454545454545455, -5.353535353535354, -5.252525252525253, -5.151515151515152, -5.05050505050505, -4.94949494949495, -4.848484848484849, -4.747474747474747, -4.646464646464647, -4.545454545454545, -4.444444444444445, -4.343434343434343, -4.242424242424242, -4.141414141414142, -4.040404040404041, -3.9393939393939394, -3.8383838383838382, -3.737373737373738, -3.6363636363636367, -3.5353535353535355, -3.4343434343434343, -3.333333333333333, -3.2323232323232327, -3.1313131313131315, -3.0303030303030303, -2.929292929292929, -2.8282828282828287, -2.7272727272727275, -2.6262626262626263, -2.525252525252525, -